%YAML:1.0
e_vectors: !!opencv-matrix
   rows: 28
   cols: 128
   dt: f
   data: [ 2.41291896e-002, 1.79991964e-002, 1.33915897e-002,
       1.07771261e-002, -7.91374315e-003, -2.91065071e-002,
       -1.41710080e-002, -7.48330541e-003, 1.27961949e-001,
       2.66658049e-002, -1.86338983e-002, -5.21655045e-002,
       -1.09289236e-001, -2.89079398e-002, 1.77102629e-002,
       6.90141097e-002, -1.18069209e-001, -4.56338413e-002,
       -2.69121979e-003, 1.21970633e-002, 4.02202643e-002,
       4.73919585e-002, 3.75893153e-002, -5.33849932e-003,
       -3.43575925e-002, 1.96733866e-002, 2.93272529e-002,
       3.18940133e-002, 2.41135564e-002, 8.97285994e-003,
       2.94370134e-003, -1.77658182e-002, 7.13292509e-002,
       1.06409658e-002, -7.65710557e-003, -8.60360637e-003,
       -1.22833867e-002, -3.31623033e-002, -2.86577195e-002,
       -7.48578971e-003, 2.82806754e-001, 1.14930198e-002,
       -1.13903843e-001, -2.07647979e-001, -2.37108752e-001,
       -6.22816309e-002, 6.19078390e-002, 1.92762420e-001,
       -2.64577448e-001, -1.74774855e-001, -5.80185987e-002,
       3.74478176e-002, 1.60380498e-001, 1.66432843e-001,
       1.18634470e-001, 1.35249207e-002, -7.94822425e-002,
       2.36728303e-002, 4.41382155e-002, 4.33035716e-002,
       3.67116891e-002, 3.45578417e-002, 3.08301076e-002,
       6.74677594e-003, 7.15251490e-002, 1.86209998e-003,
       -2.58317925e-002, -3.34994532e-002, -1.25263436e-002,
       -4.45019407e-003, -1.00998711e-002, -5.40311448e-004,
       2.84505099e-001, 1.99426308e-001, 6.43167794e-002,
       -5.79812713e-002, -2.33728781e-001, -2.10043922e-001,
       -1.20416254e-001, 4.29511862e-003, -2.65804052e-001,
       1.47373136e-002, 1.20516829e-001, 1.70573339e-001,
       1.60125554e-001, 3.11665293e-002, -5.87852374e-002,
       -1.74024686e-001, -7.87135363e-002, 5.11720311e-003,
       2.80077774e-002, 3.07177994e-002, 3.77008282e-002,
       4.51342501e-002, 4.38934043e-002, 2.15915199e-002,
       2.22097170e-002, -8.39197543e-003, -1.67152993e-002,
       -2.84945741e-002, -3.90894525e-003, 1.73484161e-002,
       1.57483425e-002, 1.19103957e-002, 1.29306197e-001,
       7.44805261e-002, 1.70234572e-002, -2.74040457e-002,
       -1.05539314e-001, -5.06155305e-002, -1.82815716e-002,
       2.63874941e-002, -1.13354251e-001, -1.64118840e-003,
       4.18440700e-002, 4.91200686e-002, 3.90307605e-002,
       6.87001599e-003, -6.24764012e-003, -4.01998721e-002,
       -3.43802720e-002, -1.51728708e-002, 5.98426117e-003,
       9.45870951e-003, 2.10595205e-002, 2.90084351e-002,
       2.62197442e-002, 1.64621305e-002, 1.52457934e-002,
       -1.56743880e-002, -4.76319604e-002, -4.19529378e-002,
       2.61762692e-003, -1.31140472e-002, -2.80152168e-002,
       -2.53090970e-002, 2.70567298e-001, 2.34129969e-002,
       -1.00197926e-001, -7.70722553e-002, 1.94669440e-002,
       -2.70156991e-002, -5.14823906e-002, 7.58345053e-003,
       3.69274497e-001, 1.56061733e-002, -9.62737203e-002,
       -6.80165961e-002, -3.47950310e-002, -5.94353378e-002,
       -6.28138557e-002, 3.29805128e-002, 5.35523556e-002,
       -3.39486897e-002, -5.10544702e-002, -3.86614986e-002,
       -1.80290956e-002, -3.73161584e-002, -4.47066464e-002,
       -1.93489883e-002, 9.44676530e-003, -2.09897459e-002,
       -5.56977242e-002, -7.95533061e-002, -5.17315902e-002,
       -3.31683047e-002, -2.20723934e-002, -1.99318845e-002,
       1.83470786e-001, -2.04261784e-002, -1.38689384e-001,
       -1.55002221e-001, -7.88732395e-002, -5.26741631e-002,
       -5.84463179e-002, -3.05263512e-002, 2.23457664e-001,
       -5.93577139e-002, -1.27085522e-001, -8.93662944e-002,
       -9.54833180e-002, -1.08495459e-001, -7.92623237e-002,
       -2.57375278e-002, 4.07489948e-002, -3.95168588e-002,
       -4.31457087e-002, -4.64439951e-002, -5.26324138e-002,
       -6.05188757e-002, -4.87626083e-002, -3.95826325e-002,
       9.51346476e-003, -1.29787372e-002, -1.91412624e-002,
       -3.55151333e-002, -5.20368479e-002, -7.46928081e-002,
       -5.87213971e-002, -2.95089222e-002, 1.82148755e-001,
       -2.63117757e-002, -5.74920215e-002, -5.18458299e-002,
       -8.17725584e-002, -1.62818611e-001, -1.38027370e-001,
       -2.17067599e-002, 2.19457254e-001, -2.60868687e-002,
       -7.92206824e-002, -1.08420886e-001, -9.51035470e-002,
       -9.41476747e-002, -1.22447371e-001, -5.42107485e-002,
       3.95146757e-002, -4.00344506e-002, -5.23927733e-002,
       -6.65800944e-002, -5.34774549e-002, -4.56795730e-002,
       -4.13986817e-002, -3.96832600e-002, 1.57515779e-002,
       -2.22676340e-002, -2.91493237e-002, -1.83006208e-002,
       5.94076468e-004, -3.43009979e-002, -4.55332547e-002,
       -2.00584233e-002, 2.70309150e-001, 8.70512612e-003,
       -4.98819165e-002, -2.70295907e-002, 1.39407832e-002,
       -8.09224173e-002, -9.75132138e-002, 2.61305571e-002,
       3.65176857e-001, 3.71140949e-002, -5.88849969e-002,
       -5.64923137e-002, -3.71809676e-002, -7.62287155e-002,
       -1.03595003e-001, 2.02964544e-002, 5.27298711e-002,
       -1.44748976e-002, -3.76289338e-002, -3.79644819e-002,
       -2.06045415e-002, -4.21313457e-002, -5.64875565e-002,
       -3.60640176e-002, 2.18962058e-002, -9.37962160e-002,
       -1.29424617e-001, -3.21288481e-002, 9.32779983e-002,
       2.57930215e-002, 1.74750248e-003, 1.52783832e-002,
       -4.35773283e-002, -1.83777452e-001, -1.39432386e-001,
       3.23293731e-002, 2.43022591e-001, 7.15046972e-002,
       2.00983547e-002, 1.43360877e-002, 6.04239590e-002,
       -1.16858967e-001, -5.88151701e-002, 2.82969736e-002,
       1.23525888e-001, 4.89069112e-002, 9.70826764e-003,
       1.44577073e-002, 2.64575519e-002, -1.62932426e-002,
       -1.28046265e-002, 2.88415924e-002, 8.42947289e-002,
       2.10725870e-002, -1.77521668e-002, -1.33421281e-002,
       3.81351411e-002, -5.66812046e-002, -1.07109018e-001,
       -3.28717120e-002, 9.61929709e-002, -1.42379086e-002,
       -3.68465111e-002, -2.10652570e-003, -5.06839305e-002,
       -1.74650505e-001, -1.47140682e-001, 5.80294430e-002,
       2.62430459e-001, 4.08259965e-002, -8.46383907e-003,
       -8.64182599e-003, -5.23232147e-002, -1.66932866e-001,
       -7.41591677e-002, 5.90932965e-002, 1.91658407e-001,
       9.19558331e-002, -4.32164175e-003, -4.95715924e-002,
       -1.11507215e-002, -3.01615559e-002, -2.06892658e-002,
       4.03281450e-002, 1.28089204e-001, 4.18102108e-002,
       -2.66868472e-002, -2.45027784e-002, 3.47630680e-002,
       1.18009583e-003, -2.02069674e-002, 1.91766769e-002,
       1.06676921e-001, -5.75156659e-002, -1.23205610e-001,
       -6.45639598e-002, -3.51685919e-002, -2.90827686e-003,
       5.44614345e-003, 8.32150429e-002, 2.75265425e-001,
       7.46187242e-003, -1.86666787e-001, -1.83371037e-001,
       -4.54999879e-002, -3.07701696e-002, 1.78607377e-006,
       9.74563286e-002, 1.92377105e-001, 4.19778563e-002,
       -1.07981578e-001, -1.89688236e-001, 3.76946526e-004,
       -2.50672475e-002, -3.22521180e-002, 4.22942564e-002,
       1.31410882e-001, 3.58867981e-002, -1.96256358e-002,
       -3.38285230e-002, 1.11258216e-002, 8.45054071e-003,
       3.34076514e-003, 4.04794738e-002, 1.04520410e-001,
       -3.02335750e-002, -1.21945173e-001, -9.05444250e-002,
       -3.50697786e-002, 1.20210350e-002, 1.73947532e-002,
       7.84769803e-002, 2.57382900e-001, 2.82689799e-002,
       -1.38255432e-001, -1.71113864e-001, 1.02067158e-001,
       2.28067264e-002, 7.43677514e-003, 4.66830954e-002,
       1.22705884e-001, 2.31328234e-002, -7.04317912e-002,
       -1.01874940e-001, 4.31391560e-002, -5.39318006e-003,
       -1.72729343e-002, 2.41311919e-002, 8.50415453e-002,
       2.38808449e-002, -1.88509747e-002, -1.43526103e-002,
       -1.54161658e-002, 4.18289341e-002, 7.27129355e-002,
       4.01097164e-003, -1.03729114e-001, -8.19459781e-002,
       -8.14250018e-003, -3.16440989e-003, -2.09121034e-001,
       1.13501782e-002, 1.15713611e-001, 4.47620526e-002,
