%YAML:1.0
e_vectors: !!opencv-matrix
   rows: 20
   cols: 128
   dt: f
   data: [ -5.82681922e-003, -2.26663575e-002, -2.55416371e-002,
       -1.79280322e-002, 1.43035017e-002, 3.15083042e-002,
       1.90111790e-002, 1.16546107e-002, -8.37238431e-002,
       -2.05210447e-002, 1.22507066e-002, 3.62052247e-002,
       7.52924681e-002, 3.36632840e-002, -1.28791546e-002,
       -5.73111437e-002, 1.14604637e-001, 4.43218611e-002,
       -9.19464626e-004, -3.05698030e-002, -6.39990494e-002,
       -3.88268940e-002, -2.14028824e-002, 2.65175756e-002,
       1.94399580e-002, -1.74611248e-002, -2.90014558e-002,
       -3.35301161e-002, -3.87630588e-003, 7.30171660e-003,
       7.32831052e-003, 1.69570837e-002, -4.88424301e-002,
       1.64749254e-005, -4.41174442e-003, -7.19876075e-003,
       1.79391727e-002, 3.41818258e-002, 3.04694213e-002,
       1.74405854e-002, -2.62826324e-001, -3.48225120e-004,
       9.32917520e-002, 1.84151307e-001, 2.07147568e-001,
       5.19354269e-002, -7.93991908e-002, -2.15766832e-001,
       2.88697332e-001, 1.94406882e-001, 4.94434647e-002,
       -5.52434921e-002, -2.23711640e-001, -2.07669348e-001,
       -1.21100046e-001, -4.78884252e-003, 4.38520350e-002,
       -2.35377736e-002, -4.10811193e-002, -2.49978937e-002,
       4.58633294e-004, -6.69581175e-004, -8.11024755e-003,
       -1.05414670e-002, -5.13430126e-002, 2.57847495e-002,
       3.66592370e-002, 2.89893076e-002, 1.37691069e-002,
       -6.01685746e-003, -7.53085641e-003, -7.17019429e-003,
       -2.61237085e-001, -2.07040355e-001, -7.04344213e-002,
       5.55037595e-002, 2.04197779e-001, 1.89283147e-001,
       8.67370218e-002, -1.13180550e-002, 2.86673129e-001,
       1.35142228e-003, -1.17308550e-001, -2.02679574e-001,
       -2.27850243e-001, -5.14471605e-002, 4.82581630e-002,
       1.87195182e-001, 4.07901295e-002, -2.63620517e-003,
       -3.34466249e-003, 6.10516733e-003, 5.11117745e-003,
       -2.94296201e-002, -4.23211567e-002, -3.30390707e-002,
       -1.81553811e-002, 1.66344158e-002, 2.39347555e-002,
       2.93589216e-002, 1.39591657e-002, -8.55804887e-003,
       -1.91678982e-002, -2.73571666e-002, -9.00551379e-002,
       -5.28327785e-002, -3.41705792e-003, 2.92063411e-002,
       7.34571442e-002, 3.92948873e-002, 6.81446958e-003,
       -2.37357970e-002, 1.22881405e-001, 3.36227305e-002,
       -1.83085799e-002, -4.50265072e-002, -6.83881566e-002,
       -2.94008385e-002, -3.56262503e-003, 4.21568081e-002,
       1.11695454e-002, 2.33473126e-002, 1.90383866e-002,
       1.27701238e-002, 9.39987320e-003, -2.75847390e-002,
       -2.92932652e-002, -2.87124477e-002, 5.71100898e-002,
       -3.16472203e-002, -7.63765723e-002, -4.24116291e-002,
       1.66751277e-002, -3.93209122e-002, -5.60981706e-002,
       -3.10888011e-002, 3.69065434e-001, 2.59848721e-002,
       -1.03935853e-001, -8.85340273e-002, -2.64683422e-002,
       -6.68194070e-002, -8.74752328e-002, 3.11487671e-002,
       2.29145378e-001, -1.90331805e-002, -8.71706530e-002,
       -7.87945371e-003, 1.21070080e-001, -4.37439233e-002,
       -1.10912412e-001, -1.88564789e-002, 1.90925114e-002,
       -3.70940939e-002, -4.59072925e-002, 1.46389138e-002,
       8.97158682e-002, -2.37757470e-002, -7.93023109e-002,
       -7.09858164e-002, 5.34602404e-002, -5.95867336e-002,
       -1.18509114e-001, -9.34266821e-002, 7.60562252e-003,
       -2.74051540e-002, -4.11926657e-002, -2.05691960e-002,
       1.79756224e-001, -3.22997123e-002, -1.02005675e-001,
       -9.71586630e-002, -1.09117851e-002, -6.74852356e-002,
       -1.52444154e-001, -9.90668461e-002, 1.52269676e-001,
       -4.33721133e-002, -6.70173094e-002, 1.13296770e-002,
       7.75142387e-002, -1.51433960e-001, -2.00009927e-001,
       -8.25149491e-002, 2.13578846e-002, -4.11544740e-002,
       -4.05404121e-002, 1.79661121e-002, 6.91475198e-002,
       -6.67064711e-002, -1.00719362e-001, -6.92378432e-002,
       4.23718430e-002, -3.13893929e-002, -5.13444915e-002,
       -3.36306021e-002, 4.46499512e-003, -7.19353259e-002,
       -1.06093593e-001, -5.99202514e-002, 1.70524612e-001,
       -9.18152109e-002, -1.26229241e-001, -4.40269932e-002,
       -1.21737074e-003, -9.81770158e-002, -1.11173324e-001,
       -4.66077439e-002, 1.38460249e-001, -7.22295940e-002,
       -1.63575470e-001, -1.09920420e-001, 7.01576024e-002,
       -3.02821454e-002, -8.53786319e-002, -5.20598516e-002,
       2.99753565e-002, -7.52758458e-002, -9.64652598e-002,
       -4.66418155e-002, 6.20222241e-002, -2.26050857e-002,
       -4.75446098e-002, -2.41207089e-002, 4.27460633e-002,
       -3.48731242e-002, -4.86154892e-002, -2.72583589e-002,
       9.36319306e-003, -4.50188704e-002, -8.36250335e-002,
       -4.41126637e-002, 3.14569205e-001, 1.64441485e-002,
       -7.62441084e-002, -4.09531035e-002, -1.72604795e-003,
       -7.92930573e-002, -1.04351006e-001, 8.93627014e-003,
       2.09025174e-001, -2.14685104e-003, -9.09983292e-002,
       -3.46717946e-002, 1.07464723e-001, -2.56810598e-002,
       -8.60053524e-002, -2.67543755e-002, 2.83671562e-002,
       -4.89888079e-002, -6.67196885e-002, -2.82455329e-002,
       7.43901879e-002, -8.92746449e-003, -4.72606160e-002,
       -3.01300883e-002, -4.11194339e-002, 5.56664927e-005,
       1.68100428e-002, -3.00075263e-002, -4.51364033e-002,
       4.83955955e-003, 9.90052894e-003, -1.60666909e-002,
       -7.66695514e-002, 8.23947415e-003, 1.57635121e-004,
       -5.79442941e-002, -8.54753852e-002, -2.36695120e-003,
       4.60066460e-002, -1.12987962e-002, 5.32658957e-002,
       2.53539551e-002, -1.56594440e-002, -1.05018169e-001,
       -1.87555820e-001, -2.09957100e-002, 6.82448074e-002,
       4.76543494e-002, -4.24492033e-003, -9.42506641e-003,
       -2.08725519e-002, -1.00488342e-001, -1.02297105e-001,
       2.55742092e-002, 6.30887225e-002, 2.99323462e-002,
       -9.32095665e-003, 6.85071386e-003, -7.58228404e-003,
       -7.57479891e-002, -9.80713964e-002, 8.43095034e-003,
       3.36988457e-002, 1.96844991e-002, 6.08989224e-002,
       -2.56178472e-002, -4.55861799e-002, -1.53840885e-001,
       -1.60227194e-001, 4.22575176e-002, 1.55491009e-001,
       1.63808480e-001, 1.43354638e-002, -4.09441255e-002,
       -8.56454894e-002, -2.44252518e-001, -2.52209544e-001,
       1.19435407e-001, 2.27187604e-001, 1.49095073e-001,
       -3.46488208e-002, -3.54990624e-002, -6.72084987e-002,
       -1.48745924e-001, -1.03756018e-001, 1.08345382e-001,
       1.36182413e-001, 3.55491601e-002, 4.67516333e-002,
       7.40804477e-003, -1.10780057e-002, -6.67571425e-002,
       -1.19822673e-001, -1.91729609e-002, 3.58837098e-002,
       3.92199829e-002, 8.36783499e-002, -4.23432924e-002,
       -1.00705363e-001, -1.36387572e-001, -1.78103715e-001,
       -2.14096252e-002, 6.41194135e-002, 1.07590534e-001,
       1.57746017e-001, 2.71077026e-002, -1.07563950e-001,
       -2.74823695e-001, -1.60374671e-001, 1.11121155e-001,
       9.79611054e-002, 7.52577409e-002, -5.97512014e-002,
       -3.27736139e-002, -3.35227251e-002, -8.70521292e-002,
       -2.44688317e-002, 1.18638359e-001, 7.34751746e-002,
       -2.49769352e-002, 3.68195809e-002, -6.23741536e-004,
       -4.98316763e-003, -4.72832955e-002, -7.98977464e-002,
       -1.96987707e-002, 1.67828947e-002, 4.68664542e-002,
       2.25505650e-001, 8.19583237e-002, -2.32019648e-002,
       -7.04283342e-002, -1.32150829e-001, -6.98927566e-002,
       -8.92189424e-003, 7.61035606e-002, 1.63653851e-001,
       1.08743355e-001, 3.20508290e-004, -6.86398521e-002,
       -8.01157430e-002, -3.38959880e-002, -3.31805199e-002,
       -1.44246873e-002, -4.38064486e-002, 4.87929443e-003,
       1.96136497e-002, 7.50515983e-003, 2.81345658e-002,
       3.46119739e-002, -2.16896888e-002, -5.60349487e-002,
       -1.02963289e-002, -1.81644615e-002, -1.49399294e-002,
       1.84644014e-002, 7.12893680e-002, 4.19980437e-002,
       1.19531173e-002, -4.21744585e-003, -2.06960887e-001,
       -3.99504118e-002, 1.62892826e-002, 6.19303435e-002,
