%YAML:1.0
e_vectors: !!opencv-matrix
   rows: 5
   cols: 128
   dt: f
   data: [ -6.75327517e-003, -1.87019035e-002, -4.66502346e-002,
       -6.85072020e-002, 2.25877948e-003, 3.76417227e-002,
       4.27227989e-002, 2.78852303e-002, -4.37295921e-002,
       3.04150544e-002, 9.36608110e-003, -1.55780138e-002,
       -1.21749716e-003, -2.89820920e-004, -1.71289640e-003,
       -3.94559465e-002, 9.60843917e-003, 2.91773770e-002,
       -3.28816660e-002, -2.63905618e-002, -2.67872065e-002,
       -1.94656719e-002, 1.85283774e-004, 2.82848766e-003,
       -3.65255103e-002, -7.85637423e-002, -5.99290170e-002,
       -1.90576017e-002, 2.61859805e-003, 4.24901880e-002,
       3.08464412e-002, 7.77368434e-003, -1.23079959e-002,
       -1.12824060e-003, -4.33092490e-002, -7.25925043e-002,
       1.24526005e-002, 5.69713488e-002, 7.61876106e-002,
       3.30536216e-002, -2.24331707e-001, -2.92598561e-004,
       6.60199746e-002, 1.67418763e-001, 2.68894345e-001,
       6.41356409e-002, -8.98899660e-002, -2.13745371e-001,
       2.63124973e-001, 1.96054056e-001, 5.29062189e-002,
       -1.68753713e-002, -2.09293291e-001, -2.53136128e-001,
       -1.02307521e-001, 2.21063085e-002, -3.22927907e-002,
       -1.03310674e-001, -6.59095943e-002, -1.39491837e-002,
       -1.34903146e-002, 3.91533785e-002, 4.39122878e-002,
       -5.32803964e-003, -3.79076153e-002, 7.53629506e-002,
       8.93272832e-002, 9.52286646e-003, 1.00411074e-002,
       -2.78681815e-002, -1.38292713e-002, -2.96276417e-002,
       -2.16748685e-001, -1.97466418e-001, -7.95878321e-002,
       5.06261736e-002, 2.44101495e-001, 1.86423331e-001,
       9.83411595e-002, 1.11533096e-002, 2.55322963e-001,
       -2.13388149e-002, -1.41246960e-001, -2.23203301e-001,
       -2.05945343e-001, -1.91791672e-002, 7.47472867e-002,
       2.04336539e-001, -4.90442701e-002, -1.33787971e-002,
       3.58047523e-002, -1.33649176e-002, -7.09212478e-003,
       -1.64325361e-003, -4.80109788e-002, -8.22887942e-002,
       -6.32053474e-003, 2.95938402e-002, 4.80504446e-002,
       -3.71110067e-003, 3.12312343e-003, -2.17485148e-002,
       -4.72115539e-002, -3.27569470e-002, 1.16684882e-003,
       -4.11874196e-003, 1.18695125e-002, -1.24172689e-002,
       -1.63824521e-002, 6.99318387e-003, 2.36166678e-002,
       2.84552854e-003, 4.11835238e-002, 9.19032656e-003,
       2.29377709e-002, -3.67849879e-002, -4.98579890e-002,
       -3.56591567e-002, -2.08661649e-002, -1.16086779e-002,
       -5.11625297e-002, 1.46036511e-002, 5.48198000e-002,
       2.78217043e-003, -5.55403112e-003, -1.57046486e-002,
       -2.59176791e-002, -8.94870162e-002, -1.00732923e-001,
       -9.46405828e-002, -2.15155724e-003, 1.64129674e-001,
       7.92230219e-002, 1.48236863e-002, 8.26205127e-003,
       -2.96137072e-002, -2.20635682e-001, -9.66598466e-002,
       1.02805622e-001, 1.94364443e-001, 5.16455509e-002,
       -1.00731300e-002, 6.43032463e-003, -1.40702724e-001,
       -1.81690514e-001, 7.15247095e-002, 1.42236665e-001,
       3.34754959e-002, -6.17135204e-002, -5.02335131e-002,
       -8.93658609e-004, -1.03089839e-001, -1.26680434e-001,
       1.16731092e-001, 3.64434384e-002, -3.67086232e-002,
       -4.12658155e-002, -3.83693911e-002, -7.54018873e-003,
       -7.26163089e-002, -2.38645405e-001, -3.02723590e-002,
       7.37599656e-002, 2.20446005e-001, 2.05687016e-001,
       -1.83155891e-002, -2.40363739e-002, -9.82487574e-002,
       -7.24457949e-002, -5.00834361e-002, 1.04550213e-001,
       1.91712782e-001, 6.70540035e-002, -5.05286828e-002,
       7.52668604e-002, -5.63788265e-002, -5.71596175e-002,
       6.04377724e-002, 6.51148185e-002, 1.16906576e-002,
       2.05655098e-002, 4.72372472e-002, 8.15417469e-002,
       -8.74644145e-002, -1.00093735e-002, 1.06164083e-001,
       -2.66351122e-002, -4.38183323e-002, -4.21780348e-002,
       -1.69242918e-002, -3.50793861e-002, -1.22458987e-001,
       -2.04427287e-001, -1.21604100e-001, 5.09364605e-002,
       9.18063298e-002, 2.00663060e-001, 7.72643834e-002,
       1.01345812e-003, -5.27525134e-002, -4.72716130e-002,
       -5.06664366e-002, 8.52904543e-002, 9.95069668e-002,
       6.83311373e-002, -1.84845459e-002, 4.32207100e-002,
       -4.08666320e-002, -5.56295142e-002, -5.19352406e-002,
       7.88573772e-002, 8.12734365e-002, 4.78026234e-002,
       -2.99778096e-002, 1.67691950e-002, 2.02669222e-002,
       -2.67898235e-002, -6.52363375e-002, 9.81022883e-003,
       -2.23592091e-002, -7.38449469e-002, -3.66363190e-002,
       -2.82521881e-002, 5.39976917e-002, -1.60863116e-001,
       -4.80974801e-002, 2.47262754e-002, 1.31037645e-002,
       6.83556497e-002, 1.38323203e-001, -7.26906303e-003,
       -6.47067502e-002, -2.59656727e-001, -9.04741734e-002,
       4.37480733e-002, 3.09194829e-002, 2.61394531e-002,
       9.56004784e-002, 5.89750782e-002, -1.05346717e-001,
       -1.30066976e-001, -4.99355234e-002, 6.43945858e-002,
       7.65376491e-003, -4.67200093e-002, -4.96694632e-002,
       4.50899526e-002, 6.35404885e-002, -2.65099443e-002,
       -3.90959047e-002, 3.89029607e-002, -4.19251509e-002,
       -5.15665784e-002, -5.52949160e-002, -3.06209065e-002,
       1.07143417e-001, 3.86086330e-002, -3.84539589e-002,
       -1.20955996e-001, 4.30087708e-002, 2.75827311e-002,
       5.67472614e-002, -1.58082824e-002, 4.54196334e-002,
       6.54066578e-002, 3.35244387e-002, -1.21919081e-001,
       -1.32406995e-001, -3.16872708e-002, 5.13638817e-002,
       -2.52782721e-002, 4.92218509e-002, 1.54763043e-001,
       1.60628736e-001, -2.18129650e-001, -2.22533837e-001,
       1.83049999e-002, 4.24907170e-002, -1.07475027e-001,
       -3.19029428e-002, 5.61802536e-002, -1.18826263e-001,
       -2.18129531e-001, -4.33452707e-003, 7.09100440e-002,
       1.05767228e-001, -1.36964068e-001, -7.28405491e-002,
       8.45590383e-002, 4.09888104e-002, -5.22344857e-002,
       -2.20992938e-002, 4.63527665e-002, -4.44972813e-002,
       -6.73064366e-002, 3.56203690e-002, 4.99374000e-003,
       1.37045362e-003, 5.93674649e-003, 2.43178997e-002,
       -3.55246663e-002, -8.12072977e-002, 7.07919151e-002,
       4.85983305e-002, 3.30729336e-002, 1.24750867e-001,
       -3.75653239e-004, -4.22497056e-002, -6.69715181e-002,
       -2.20861305e-002, -5.20251580e-002, -9.41700414e-002,
       1.48498535e-001, -4.75652739e-002, -9.60902497e-002,
       -2.01695357e-002, -2.27962472e-002, 2.29461603e-002,
       -1.61368385e-001, -5.20119630e-002, 1.15242684e-002,
       9.94927529e-003, 3.22086364e-002, 3.33616100e-002,
       1.04939312e-001, 9.97116938e-002, 2.27473583e-002,
       3.48746628e-002, 4.73201200e-002, 3.18025202e-002,
       8.39756504e-002, 1.22727588e-001, -1.66901760e-002,
       -1.73695534e-001, -5.86187746e-003, 8.38766620e-002,
       2.68015023e-002, -3.26305218e-002, 3.28088999e-002,
       1.79512966e-002, -5.53936921e-002, -1.24905951e-001,
       -6.01622015e-002, 3.74087207e-002, 1.51813045e-001,
       -5.19460179e-002, -1.32320046e-001, -7.99281374e-002,
       -4.95464131e-002, -6.37076888e-003, -2.85317022e-002,
       6.54322356e-002, 1.99644733e-002, -8.03322196e-002,
       -7.45396689e-002, -1.68172084e-002, 6.99289516e-002,
       2.34979868e-001, 1.24670468e-001, 4.65927646e-002,
       -2.00097617e-002, -9.83802974e-002, -4.98607978e-002,
       7.75085669e-003, 6.84328079e-002, 1.43885270e-001,
       2.51607567e-001, 1.54800192e-001, 1.29795820e-001,
       -8.19180533e-003, 8.40544701e-003, 8.04815535e-003,
       -2.24929005e-002, -1.77313149e-001, 3.94092947e-002,
       2.14494184e-001, 1.18321881e-001, 2.71928906e-002,
       -4.25785072e-002, -4.07504141e-002, -2.16416586e-002,
       -6.88947961e-002, -8.90371427e-002, 1.03355043e-001,
       7.32229650e-003, 2.32608039e-002, 1.63292035e-001,
       -7.80606121e-002, -3.07698827e-002, 6.54407367e-002,
       1.74606413e-001, 4.50219698e-002, 2.72871112e-003,
       1.64352179e-001, -2.98785307e-002, -7.87854269e-002,
       2.33578030e-002, 2.02306375e-001, 1.19200505e-001,
